0 1 2.5
0 6 2.5
1 0 2.5
1 2 2.5
2 1 2.5
2 3 2.5
3 2 2.5
3 4 10
3 6 10
3 19 0.034
3 20 0.016
3 25 0.004
3 26 0.004
4 3 10
4 5 10
4 9 2.5
4 13 0.034
4 14 0.034
4 15 0.034
4 16 0.034
4 17 0.034
4 18 0.034
4 21 0.102
5 4 10
5 6 10
5 7 2.5
6 0 2.5
6 3 10
6 5 10
6 10 0.034
6 11 0.034
6 12 0.034
6 22 0.004
6 23 0.004
6 24 0.004
7 5 2.5
7 8 2.5
8 7 2.5
8 9 2.5
9 4 2.5
9 8 2.5
10 6 0.034
11 6 0.034
12 6 0.034
13 4 0.034
14 4 0.034
15 4 0.034
16 4 0.034
17 4 0.034
18 4 0.034
19 3 0.034
20 3 0.016
21 4 0.102
22 6 0.004
23 6 0.004
24 6 0.004
25 3 0.004
26 3 0.004